0,0,0,0,0,0,0,0,0,0,0,1.01253954454545
1,0,0,0,0,0,0,0,0,0,0,0.420946751582364
0,1,0,0,0,0,0,0,0,0,0,1.01318804932002
1,1,0,0,0,0,0,0,0,0,0,0.421231991445212
1,0,0,0,0,0,0,0,0,0,0,0.424561092272181
0,0,1,0,0,0,0,0,0,0,0,1.00967849825467
1,0,1,0,0,0,0,0,0,0,0,0.417708631630631
1,0,0,0,0,0,0,0,0,0,0,0.415986663982425
0,0,0,1,0,0,0,0,0,0,0,2.01832348676059
1,0,0,1,0,0,0,0,0,0,0,1.41987474083052
1,0,0,0,0,0,0,0,0,0,0,0.420811521463304
0,0,0,0,1,0,0,0,0,0,0,1.01063311231961
1,0,0,0,1,0,0,0,0,0,0,0.418747073988332
1,0,0,0,0,0,0,0,0,0,0,0.425531519187526
0,0,0,0,0,1,0,0,0,0,0,1.0133678962927
1,0,0,0,0,1,0,0,0,0,0,0.419644396310808
1,0,0,0,0,0,0,0,0,0,0,0.419264238935382
0,0,0,0,0,0,1,0,0,0,0,1.01253162273965
1,0,0,0,0,0,1,0,0,0,0,0.418535136028862
1,0,0,0,0,0,0,0,0,0,0,0.416332263496746
0,0,0,0,0,0,0,1,0,0,0,1.01447142306658
1,0,0,0,0,0,0,1,0,0,0,0.419712799823095
1,0,0,0,0,0,0,0,0,0,0,0.416086850187949
0,0,0,0,0,0,0,0,1,0,0,-0.987920533024898
1,0,0,0,0,0,0,0,1,0,0,-1.57955328736872
1,0,0,0,0,0,0,0,0,0,0,0.419493081422971
0,0,0,0,0,0,0,0,0,1,0,1.01210768268922
1,0,0,0,0,0,0,0,0,1,0,0.417857694855888
1,0,0,0,0,0,0,0,0,0,0,0.423632566986437
0,0,0,0,0,0,0,0,0,0,1,1.01782422918251
1,0,0,0,0,0,0,0,0,0,1,0.426064827937287
0,1,0,0,0,0,0,0,0,0,0,1.01889776051576
0,0,1,0,0,0,0,0,0,0,0,1.01367050040234
0,1,1,0,0,0,0,0,0,0,0,1.01572140263021
0,1,0,0,0,0,0,0,0,0,0,1.01310295961476
0,0,0,1,0,0,0,0,0,0,0,2.01367873150065
0,1,0,1,0,0,0,0,0,0,0,2.01245747929129
0,1,0,0,0,0,0,0,0,0,0,1.01708802500298
0,0,0,0,1,0,0,0,0,0,0,1.01675028161138
0,1,0,0,1,0,0,0,0,0,0,1.01872788498435
0,1,0,0,0,0,0,0,0,0,0,1.01577993885822
0,0,0,0,0,1,0,0,0,0,0,1.01410198500456
0,1,0,0,0,1,0,0,0,0,0,1.01285742738134
0,1,0,0,0,0,0,0,0,0,0,1.02148322150013
0,0,0,0,0,0,1,0,0,0,0,1.01252100919722
0,1,0,0,0,0,1,0,0,0,0,1.0125086735033
0,1,0,0,0,0,0,0,0,0,0,1.01347364430445
0,0,0,0,0,0,0,1,0,0,0,1.01458585067994
0,1,0,0,0,0,0,1,0,0,0,1.01324593284394
0,1,0,0,0,0,0,0,0,0,0,1.01203176454377
0,0,0,0,0,0,0,0,1,0,0,-0.981772069864146
0,1,0,0,0,0,0,0,1,0,0,-0.984298611606721
0,1,0,0,0,0,0,0,0,0,0,1.01697243821079
0,0,0,0,0,0,0,0,0,1,0,1.01927618163663
0,1,0,0,0,0,0,0,0,1,0,1.01733329421824
0,1,0,0,0,0,0,0,0,0,0,1.01714785707178
0,0,0,0,0,0,0,0,0,0,1,1.01140251387013
0,1,0,0,0,0,0,0,0,0,1,1.01527152865274
0,0,1,0,0,0,0,0,0,0,0,1.01272070776891
0,0,0,1,0,0,0,0,0,0,0,2.01408853681443
0,0,1,1,0,0,0,0,0,0,0,2.01725536125696
0,0,1,0,0,0,0,0,0,0,0,1.01700455105048
0,0,0,0,1,0,0,0,0,0,0,1.01599301106783
0,0,1,0,1,0,0,0,0,0,0,1.01197095682857
0,0,1,0,0,0,0,0,0,0,0,1.01577560139979
0,0,0,0,0,1,0,0,0,0,0,1.01471662864772
0,0,1,0,0,1,0,0,0,0,0,1.01519640536231
0,0,1,0,0,0,0,0,0,0,0,1.01779547670236
0,0,0,0,0,0,1,0,0,0,0,1.01461606376134
0,0,1,0,0,0,1,0,0,0,0,1.02251580384496
0,0,1,0,0,0,0,0,0,0,0,1.01448465918708
0,0,0,0,0,0,0,1,0,0,0,1.0148928737436
0,0,1,0,0,0,0,1,0,0,0,1.01308683188731
0,0,1,0,0,0,0,0,0,0,0,1.0126058335208
0,0,0,0,0,0,0,0,1,0,0,-0.985218016115182
0,0,1,0,0,0,0,0,1,0,0,-0.985020459183243
0,0,1,0,0,0,0,0,0,0,0,1.01016792856155
0,0,0,0,0,0,0,0,0,1,0,1.01369907444387
0,0,1,0,0,0,0,0,0,1,0,1.01574035888774
0,0,1,0,0,0,0,0,0,0,0,1.01541878476166
0,0,0,0,0,0,0,0,0,0,1,1.0155021677552
0,0,1,0,0,0,0,0,0,0,1,1.01622231814587
0,0,0,1,0,0,0,0,0,0,0,2.01641663226316
0,0,0,0,1,0,0,0,0,0,0,1.01918829954869
0,0,0,1,1,0,0,0,0,0,0,2.01422123720166
0,0,0,1,0,0,0,0,0,0,0,2.01677498899248
0,0,0,0,0,1,0,0,0,0,0,1.01759942939146
0,0,0,1,0,1,0,0,0,0,0,2.0151118232787
0,0,0,1,0,0,0,0,0,0,0,2.01172746917475
0,0,0,0,0,0,1,0,0,0,0,1.01679282580939
0,0,0,1,0,0,1,0,0,0,0,1.71478938499032
0,0,0,1,0,0,0,0,0,0,0,2.01272919373244
0,0,0,0,0,0,0,1,0,0,0,1.01337555057614
0,0,0,1,0,0,0,1,0,0,0,2.01327271427212
0,0,0,1,0,0,0,0,0,0,0,2.01549786288253
0,0,0,0,0,0,0,0,1,0,0,-0.979062878961268
0,0,0,1,0,0,0,0,1,0,0,0.0114804199592722
0,0,0,1,0,0,0,0,0,0,0,2.01623721346197
0,0,0,0,0,0,0,0,0,1,0,1.01354952131513
0,0,0,1,0,0,0,0,0,1,0,2.01559367434885
0,0,0,1,0,0,0,0,0,0,0,2.01019653261725
0,0,0,0,0,0,0,0,0,0,1,1.01670066237284
0,0,0,1,0,0,0,0,0,0,1,2.01593925825241
0,0,0,0,1,0,0,0,0,0,0,1.01643422364473
0,0,0,0,0,1,0,0,0,0,0,1.0128258764068
0,0,0,0,1,1,0,0,0,0,0,1.0116054378765
0,0,0,0,1,0,0,0,0,0,0,1.01612467633657
0,0,0,0,0,0,1,0,0,0,0,1.01880169157843
0,0,0,0,1,0,1,0,0,0,0,1.01617467816087
0,0,0,0,1,0,0,0,0,0,0,1.01610890929097
0,0,0,0,0,0,0,1,0,0,0,1.01543456253203
0,0,0,0,1,0,0,1,0,0,0,1.01099439659018
0,0,0,0,1,0,0,0,0,0,0,1.01563633335616
0,0,0,0,0,0,0,0,1,0,0,-0.989643435612031
0,0,0,0,1,0,0,0,1,0,0,-0.985601857145323
0,0,0,0,1,0,0,0,0,0,0,1.01691544862213
0,0,0,0,0,0,0,0,0,1,0,1.01367430454501
0,0,0,0,1,0,0,0,0,1,0,1.01427052062168
0,0,0,0,1,0,0,0,0,0,0,1.01546567512322
0,0,0,0,0,0,0,0,0,0,1,1.01696780852428
0,0,0,0,1,0,0,0,0,0,1,1.02296089473313
0,0,0,0,0,1,0,0,0,0,0,1.01507050491666
0,0,0,0,0,0,1,0,0,0,0,1.01934090802198
0,0,0,0,0,1,1,0,0,0,0,1.01419621148703
0,0,0,0,0,1,0,0,0,0,0,1.01385437942926
0,0,0,0,0,0,0,1,0,0,0,1.01398190007282
0,0,0,0,0,1,0,1,0,0,0,1.0141548419147
0,0,0,0,0,1,0,0,0,0,0,1.01212032175236
0,0,0,0,0,0,0,0,1,0,0,-0.981147168720675
0,0,0,0,0,1,0,0,1,0,0,-0.983364612790842
0,0,0,0,0,1,0,0,0,0,0,1.01639064385029
0,0,0,0,0,0,0,0,0,1,0,1.01415047427707
0,0,0,0,0,1,0,0,0,1,0,1.01470011358051
0,0,0,0,0,1,0,0,0,0,0,1.01024233046902
0,0,0,0,0,0,0,0,0,0,1,1.01495138284089
0,0,0,0,0,1,0,0,0,0,1,1.01342988109778
0,0,0,0,0,0,1,0,0,0,0,1.01917676742654
0,0,0,0,0,0,0,1,0,0,0,1.01570516120753
0,0,0,0,0,0,1,1,0,0,0,1.01540842539988
0,0,0,0,0,0,1,0,0,0,0,1.01735557018347
0,0,0,0,0,0,0,0,1,0,0,-0.981269116101042
0,0,0,0,0,0,1,0,1,0,0,-0.987702577484058
0,0,0,0,0,0,1,0,0,0,0,1.01701453614689
0,0,0,0,0,0,0,0,0,1,0,1.01499213409381
0,0,0,0,0,0,1,0,0,1,0,1.02003734466008
0,0,0,0,0,0,1,0,0,0,0,1.01472864813705
0,0,0,0,0,0,0,0,0,0,1,1.01156056933959
0,0,0,0,0,0,1,0,0,0,1,1.01200238391471
0,0,0,0,0,0,0,1,0,0,0,1.01549494734412
0,0,0,0,0,0,0,0,1,0,0,-0.98772297518617
0,0,0,0,0,0,0,1,1,0,0,-0.990180081903009
0,0,0,0,0,0,0,1,0,0,0,1.01243328943015
0,0,0,0,0,0,0,0,0,1,0,1.01660931780821
0,0,0,0,0,0,0,1,0,1,0,1.02189068543472
0,0,0,0,0,0,0,1,0,0,0,1.01861401077145
0,0,0,0,0,0,0,0,0,0,1,1.01373920890936
0,0,0,0,0,0,0,1,0,0,1,1.01505337347297
0,0,0,0,0,0,0,0,1,0,0,-0.985704155533974
0,0,0,0,0,0,0,0,0,1,0,1.01392424440379
0,0,0,0,0,0,0,0,1,1,0,-0.983835615982959
0,0,0,0,0,0,0,0,1,0,0,-0.986723151789236
0,0,0,0,0,0,0,0,0,0,1,1.01138340947963
0,0,0,0,0,0,0,0,1,0,1,-0.985568588495368
0,0,0,0,0,0,0,0,0,1,0,1.01832496613957
0,0,0,0,0,0,0,0,0,0,1,1.01335006804099
0,0,0,0,0,0,0,0,0,1,1,1.01933966290127