0,0,1.01407112795376
0,0.25,1.01118370110532
0,0.5,1.014128359904
0,0.75,1.01749618096258
0,1,1.01393894312333
0.25,0,1.26784485106969
0.25,0.25,1.24759923764056
0.25,0.5,1.23120510724233
0.25,0.75,1.20901853711289
0.25,1,1.19110538048544
0.5,0,1.5161531394815
0.5,0.25,1.47751399951155
0.5,0.5,1.43590071294886
0.5,0.75,1.39799198889234
0.5,1,1.36538453641957
0.75,0,1.76434383884628
0.75,0.25,1.70918047156667
0.75,0.5,1.65430270023676
0.75,0.75,1.59622056431606
0.75,1,1.54114874506012
1,0,2.01192149246196
1,0.25,1.94137504394393
1,0.5,1.8665317090125
1,0.75,1.79512497001179
1,1,1.71608128728813
