0,0,0,0,0,0,0,0,0,0,0,1.01302569943034
0,0,0,0,0,0,0,0,0,0,0.0101010101010101,1.01133673476242
0,0,0,0,0,0,0,0,0,0,0.0202020202020202,1.01592423285012
0,0,0,0,0,0,0,0,0,0,0.0303030303030303,1.01171637607332
0,0,0,0,0,0,0,0,0,0,0.0404040404040404,1.01962781098395
0,0,0,0,0,0,0,0,0,0,0.0505050505050505,1.01824460464532
0,0,0,0,0,0,0,0,0,0,0.0606060606060606,1.01638594497982
0,0,0,0,0,0,0,0,0,0,0.0707070707070707,1.01329987832508
0,0,0,0,0,0,0,0,0,0,0.0808080808080808,1.01109052901617
0,0,0,0,0,0,0,0,0,0,0.0909090909090909,1.01286182810424
0,0,0,0,0,0,0,0,0,0,0.101010101010101,1.01543012445138
0,0,0,0,0,0,0,0,0,0,0.111111111111111,1.01892551506084
0,0,0,0,0,0,0,0,0,0,0.121212121212121,1.01373594787905
0,0,0,0,0,0,0,0,0,0,0.131313131313131,1.01629049712343
0,0,0,0,0,0,0,0,0,0,0.141414141414141,1.01450328077425
0,0,0,0,0,0,0,0,0,0,0.151515151515152,1.00886406718013
0,0,0,0,0,0,0,0,0,0,0.161616161616162,1.00987618807464
0,0,0,0,0,0,0,0,0,0,0.171717171717172,1.01521412542054
0,0,0,0,0,0,0,0,0,0,0.181818181818182,1.01258353923007
0,0,0,0,0,0,0,0,0,0,0.191919191919192,1.01802782253769
0,0,0,0,0,0,0,0,0,0,0.202020202020202,1.01178645536997
0,0,0,0,0,0,0,0,0,0,0.212121212121212,1.01526619570323
0,0,0,0,0,0,0,0,0,0,0.222222222222222,1.01487733471429
0,0,0,0,0,0,0,0,0,0,0.232323232323232,1.01664953744258
0,0,0,0,0,0,0,0,0,0,0.242424242424242,1.01828578536942
0,0,0,0,0,0,0,0,0,0,0.252525252525253,1.01299485230658
0,0,0,0,0,0,0,0,0,0,0.262626262626263,1.016646226264
0,0,0,0,0,0,0,0,0,0,0.272727272727273,1.01629328175688
0,0,0,0,0,0,0,0,0,0,0.282828282828283,1.01485285398174
0,0,0,0,0,0,0,0,0,0,0.292929292929293,1.01136557532975
0,0,0,0,0,0,0,0,0,0,0.303030303030303,1.0110775433389
0,0,0,0,0,0,0,0,0,0,0.313131313131313,1.01592110167779
0,0,0,0,0,0,0,0,0,0,0.323232323232323,1.01176827437951
0,0,0,0,0,0,0,0,0,0,0.333333333333333,1.01725626746392
0,0,0,0,0,0,0,0,0,0,0.343434343434343,1.01455557965997
0,0,0,0,0,0,0,0,0,0,0.353535353535354,1.01150355408406
0,0,0,0,0,0,0,0,0,0,0.363636363636364,1.01639438447987
0,0,0,0,0,0,0,0,0,0,0.373737373737374,1.01744299866731
0,0,0,0,0,0,0,0,0,0,0.383838383838384,1.01222349664233
0,0,0,0,0,0,0,0,0,0,0.393939393939394,1.01584135439827
0,0,0,0,0,0,0,0,0,0,0.404040404040404,1.01109905458505
0,0,0,0,0,0,0,0,0,0,0.414141414141414,1.01336032586285
0,0,0,0,0,0,0,0,0,0,0.424242424242424,1.01342445713035
0,0,0,0,0,0,0,0,0,0,0.434343434343434,1.01726961301294
0,0,0,0,0,0,0,0,0,0,0.444444444444444,1.01281536095735
0,0,0,0,0,0,0,0,0,0,0.454545454545455,1.01293250055331
0,0,0,0,0,0,0,0,0,0,0.464646464646465,1.01723900671167
0,0,0,0,0,0,0,0,0,0,0.474747474747475,1.01405351874001
0,0,0,0,0,0,0,0,0,0,0.484848484848485,1.01567598699843
0,0,0,0,0,0,0,0,0,0,0.494949494949495,1.01682959238523
0,0,0,0,0,0,0,0,0,0,0.505050505050505,1.01497475640548
0,0,0,0,0,0,0,0,0,0,0.515151515151515,1.01478996128808
0,0,0,0,0,0,0,0,0,0,0.525252525252525,1.01542038842133
0,0,0,0,0,0,0,0,0,0,0.535353535353535,1.01360632160394
0,0,0,0,0,0,0,0,0,0,0.545454545454545,1.01718924152428
0,0,0,0,0,0,0,0,0,0,0.555555555555556,1.01621440837485
0,0,0,0,0,0,0,0,0,0,0.565656565656566,1.01829062246668
0,0,0,0,0,0,0,0,0,0,0.575757575757576,1.01570049574061
0,0,0,0,0,0,0,0,0,0,0.585858585858586,1.01318314293922
0,0,0,0,0,0,0,0,0,0,0.595959595959596,1.01036936440448
0,0,0,0,0,0,0,0,0,0,0.606060606060606,1.01782816612143
0,0,0,0,0,0,0,0,0,0,0.616161616161616,1.01422975119457
0,0,0,0,0,0,0,0,0,0,0.626262626262626,1.01774682028168
0,0,0,0,0,0,0,0,0,0,0.636363636363636,1.01211586756706
0,0,0,0,0,0,0,0,0,0,0.646464646464647,1.01151752583574
0,0,0,0,0,0,0,0,0,0,0.656565656565657,1.01588932276113
0,0,0,0,0,0,0,0,0,0,0.666666666666667,1.01388507011993
0,0,0,0,0,0,0,0,0,0,0.676767676767677,1.01824603618481
0,0,0,0,0,0,0,0,0,0,0.686868686868687,1.01043836763725
0,0,0,0,0,0,0,0,0,0,0.696969696969697,1.013059905172
0,0,0,0,0,0,0,0,0,0,0.707070707070707,1.01348897759358
0,0,0,0,0,0,0,0,0,0,0.717171717171717,1.01570535975435
0,0,0,0,0,0,0,0,0,0,0.727272727272727,1.01370983671098
0,0,0,0,0,0,0,0,0,0,0.737373737373737,1.01421312057779
0,0,0,0,0,0,0,0,0,0,0.747474747474748,1.01678734824185
0,0,0,0,0,0,0,0,0,0,0.757575757575758,1.01491515966344
0,0,0,0,0,0,0,0,0,0,0.767676767676768,1.01761549635856
0,0,0,0,0,0,0,0,0,0,0.777777777777778,1.01637702864513
0,0,0,0,0,0,0,0,0,0,0.787878787878788,1.01619483109559
0,0,0,0,0,0,0,0,0,0,0.797979797979798,1.01811591619227
0,0,0,0,0,0,0,0,0,0,0.808080808080808,1.01830855507104
0,0,0,0,0,0,0,0,0,0,0.818181818181818,1.01252463153951
0,0,0,0,0,0,0,0,0,0,0.828282828282828,1.01333295582404
0,0,0,0,0,0,0,0,0,0,0.838383838383838,1.01358036118587
0,0,0,0,0,0,0,0,0,0,0.848484848484849,1.01236315249994
0,0,0,0,0,0,0,0,0,0,0.858585858585859,1.01831648231111
0,0,0,0,0,0,0,0,0,0,0.868686868686869,1.01410688084777
0,0,0,0,0,0,0,0,0,0,0.878787878787879,1.01475301296551
0,0,0,0,0,0,0,0,0,0,0.888888888888889,1.01406826219765
0,0,0,0,0,0,0,0,0,0,0.898989898989899,1.01764788064352
0,0,0,0,0,0,0,0,0,0,0.909090909090909,1.01401646493501
0,0,0,0,0,0,0,0,0,0,0.919191919191919,1.02273820190335
0,0,0,0,0,0,0,0,0,0,0.929292929292929,1.01640343518187
0,0,0,0,0,0,0,0,0,0,0.939393939393939,1.01506765471698
0,0,0,0,0,0,0,0,0,0,0.94949494949495,1.01479414883793
0,0,0,0,0,0,0,0,0,0,0.95959595959596,1.01455684551769
0,0,0,0,0,0,0,0,0,0,0.96969696969697,1.0130161091237
0,0,0,0,0,0,0,0,0,0,0.97979797979798,1.01671521683255
0,0,0,0,0,0,0,0,0,0,0.98989898989899,1.01472442104394
0,0,0,0,0,0,0,0,0,0,1,1.01670853397763
