0,0,0,0,0,0,0,0,0,0,0,1.01661298700732
0,0,0,0,0,0,0,0,0,0.0101010101010101,0,1.01249284302288
0,0,0,0,0,0,0,0,0,0.0202020202020202,0,1.01829067819468
0,0,0,0,0,0,0,0,0,0.0303030303030303,0,1.01431615266662
0,0,0,0,0,0,0,0,0,0.0404040404040404,0,1.01732840752323
0,0,0,0,0,0,0,0,0,0.0505050505050505,0,1.01559851897988
0,0,0,0,0,0,0,0,0,0.0606060606060606,0,1.01851574498099
0,0,0,0,0,0,0,0,0,0.0707070707070707,0,1.01696958415573
0,0,0,0,0,0,0,0,0,0.0808080808080808,0,1.01479370856375
0,0,0,0,0,0,0,0,0,0.0909090909090909,0,1.01538411895941
0,0,0,0,0,0,0,0,0,0.101010101010101,0,1.01833291460402
0,0,0,0,0,0,0,0,0,0.111111111111111,0,1.02092652359771
0,0,0,0,0,0,0,0,0,0.121212121212121,0,1.01621226396586
0,0,0,0,0,0,0,0,0,0.131313131313131,0,1.0116857921145
0,0,0,0,0,0,0,0,0,0.141414141414141,0,1.01408049848216
0,0,0,0,0,0,0,0,0,0.151515151515152,0,1.01459794498434
0,0,0,0,0,0,0,0,0,0.161616161616162,0,1.01593481504505
0,0,0,0,0,0,0,0,0,0.171717171717172,0,1.01273160722311
0,0,0,0,0,0,0,0,0,0.181818181818182,0,1.00957003800625
0,0,0,0,0,0,0,0,0,0.191919191919192,0,1.01427029885045
0,0,0,0,0,0,0,0,0,0.202020202020202,0,1.01621483209812
0,0,0,0,0,0,0,0,0,0.212121212121212,0,1.01338987986326
0,0,0,0,0,0,0,0,0,0.222222222222222,0,1.01907861173603
0,0,0,0,0,0,0,0,0,0.232323232323232,0,1.01606831391794
0,0,0,0,0,0,0,0,0,0.242424242424242,0,1.01558803389675
0,0,0,0,0,0,0,0,0,0.252525252525253,0,1.01571150095569
0,0,0,0,0,0,0,0,0,0.262626262626263,0,1.00977432855699
0,0,0,0,0,0,0,0,0,0.272727272727273,0,1.01952257484749
0,0,0,0,0,0,0,0,0,0.282828282828283,0,1.0203699402872
0,0,0,0,0,0,0,0,0,0.292929292929293,0,1.01071669874936
0,0,0,0,0,0,0,0,0,0.303030303030303,0,1.01393478346108
0,0,0,0,0,0,0,0,0,0.313131313131313,0,1.01203716619345
0,0,0,0,0,0,0,0,0,0.323232323232323,0,1.01475340802015
0,0,0,0,0,0,0,0,0,0.333333333333333,0,1.01564164984883
0,0,0,0,0,0,0,0,0,0.343434343434343,0,1.00952169568634
0,0,0,0,0,0,0,0,0,0.353535353535354,0,1.01505470339678
0,0,0,0,0,0,0,0,0,0.363636363636364,0,1.01234627786729
0,0,0,0,0,0,0,0,0,0.373737373737374,0,1.02049928536688
0,0,0,0,0,0,0,0,0,0.383838383838384,0,1.0151636969117
0,0,0,0,0,0,0,0,0,0.393939393939394,0,1.01546078097851
0,0,0,0,0,0,0,0,0,0.404040404040404,0,1.01609556277041
0,0,0,0,0,0,0,0,0,0.414141414141414,0,1.0133499163148
0,0,0,0,0,0,0,0,0,0.424242424242424,0,1.01646918575114
0,0,0,0,0,0,0,0,0,0.434343434343434,0,1.0161909728432
0,0,0,0,0,0,0,0,0,0.444444444444444,0,1.01483980046233
0,0,0,0,0,0,0,0,0,0.454545454545455,0,1.0141723950095
0,0,0,0,0,0,0,0,0,0.464646464646465,0,1.01693530894654
0,0,0,0,0,0,0,0,0,0.474747474747475,0,1.01655313622055
0,0,0,0,0,0,0,0,0,0.484848484848485,0,1.01431784202889
0,0,0,0,0,0,0,0,0,0.494949494949495,0,1.01539993976623
0,0,0,0,0,0,0,0,0,0.505050505050505,0,1.01552579873508
0,0,0,0,0,0,0,0,0,0.515151515151515,0,1.01609520789839
0,0,0,0,0,0,0,0,0,0.525252525252525,0,1.01183094569375
0,0,0,0,0,0,0,0,0,0.535353535353535,0,1.01461083156344
0,0,0,0,0,0,0,0,0,0.545454545454545,0,1.0133697265329
0,0,0,0,0,0,0,0,0,0.555555555555556,0,1.01464907320401
0,0,0,0,0,0,0,0,0,0.565656565656566,0,1.01813995224175
0,0,0,0,0,0,0,0,0,0.575757575757576,0,1.01564119362782
0,0,0,0,0,0,0,0,0,0.585858585858586,0,1.01655704481551
0,0,0,0,0,0,0,0,0,0.595959595959596,0,1.01464302398166
0,0,0,0,0,0,0,0,0,0.606060606060606,0,1.01753453494131
0,0,0,0,0,0,0,0,0,0.616161616161616,0,1.01503606143994
0,0,0,0,0,0,0,0,0,0.626262626262626,0,1.02088372095206
0,0,0,0,0,0,0,0,0,0.636363636363636,0,1.01348071988901
0,0,0,0,0,0,0,0,0,0.646464646464647,0,1.01506166945005
0,0,0,0,0,0,0,0,0,0.656565656565657,0,1.01481405394707
0,0,0,0,0,0,0,0,0,0.666666666666667,0,1.01541172822966
0,0,0,0,0,0,0,0,0,0.676767676767677,0,1.01388160751422
0,0,0,0,0,0,0,0,0,0.686868686868687,0,1.01666837060691
0,0,0,0,0,0,0,0,0,0.696969696969697,0,1.01812568347062
0,0,0,0,0,0,0,0,0,0.707070707070707,0,1.01110192159962
0,0,0,0,0,0,0,0,0,0.717171717171717,0,1.0161383776472
0,0,0,0,0,0,0,0,0,0.727272727272727,0,1.01709319308906
0,0,0,0,0,0,0,0,0,0.737373737373737,0,1.01544869665794
0,0,0,0,0,0,0,0,0,0.747474747474748,0,1.01045859536332
0,0,0,0,0,0,0,0,0,0.757575757575758,0,1.01542686068837
0,0,0,0,0,0,0,0,0,0.767676767676768,0,1.01469601786072
0,0,0,0,0,0,0,0,0,0.777777777777778,0,1.01782072544585
0,0,0,0,0,0,0,0,0,0.787878787878788,0,1.01310929459582
0,0,0,0,0,0,0,0,0,0.797979797979798,0,1.01728642246261
0,0,0,0,0,0,0,0,0,0.808080808080808,0,1.01349141794852
0,0,0,0,0,0,0,0,0,0.818181818181818,0,1.01114028667918
0,0,0,0,0,0,0,0,0,0.828282828282828,0,1.0076800664263
0,0,0,0,0,0,0,0,0,0.838383838383838,0,1.01437689795301
0,0,0,0,0,0,0,0,0,0.848484848484849,0,1.01231221941008
0,0,0,0,0,0,0,0,0,0.858585858585859,0,1.0179335923193
0,0,0,0,0,0,0,0,0,0.868686868686869,0,1.01976610129292
0,0,0,0,0,0,0,0,0,0.878787878787879,0,1.01696316581186
0,0,0,0,0,0,0,0,0,0.888888888888889,0,1.01944618492504
0,0,0,0,0,0,0,0,0,0.898989898989899,0,1.01423683066564
0,0,0,0,0,0,0,0,0,0.909090909090909,0,1.01570153063407
0,0,0,0,0,0,0,0,0,0.919191919191919,0,1.0099770076928
0,0,0,0,0,0,0,0,0,0.929292929292929,0,1.01489678180279
0,0,0,0,0,0,0,0,0,0.939393939393939,0,1.01399741178494
0,0,0,0,0,0,0,0,0,0.94949494949495,0,1.01718346221556
0,0,0,0,0,0,0,0,0,0.95959595959596,0,1.01217373552053
0,0,0,0,0,0,0,0,0,0.96969696969697,0,1.01579166955238
0,0,0,0,0,0,0,0,0,0.97979797979798,0,1.01259650461292
0,0,0,0,0,0,0,0,0,0.98989898989899,0,1.01454903195328
0,0,0,0,0,0,0,0,0,1,0,1.01287033058595