0,0,0,0,0,0,0,0,0,0,0,1.01351325660349
0.0526315789473684,0,0,0,0,0,0,0,0,0,0,1.02660648631614
0.105263157894737,0,0,0,0,0,0,0,0,0,0,1.04015626746454
0.157894736842105,0,0,0,0,0,0,0,0,0,0,1.06507206052497
0.210526315789474,0,0,0,0,0,0,0,0,0,0,1.0960630508664
0.263157894736842,0,0,0,0,0,0,0,0,0,0,1.14271627363744
0.315789473684211,0,0,0,0,0,0,0,0,0,0,1.20834701264886
0.368421052631579,0,0,0,0,0,0,0,0,0,0,1.29390351019452
0.421052631578947,0,0,0,0,0,0,0,0,0,0,1.41046240142033
0.473684210526316,0,0,0,0,0,0,0,0,0,0,1.56588979260992
0.526315789473684,0,0,0,0,0,0,0,0,0,0,1.77036073591064
0.578947368421053,0,0,0,0,0,0,0,0,0,0,2.02714931966178
0.631578947368421,0,0,0,0,0,0,0,0,0,0,2.32482224341489
0.684210526315789,0,0,0,0,0,0,0,0,0,0,2.59252896159028
0.736842105263158,0,0,0,0,0,0,0,0,0,0,2.71822937273724
0.789473684210526,0,0,0,0,0,0,0,0,0,0,2.53012238874765
0.842105263157895,0,0,0,0,0,0,0,0,0,0,1.98322596630578
0.894736842105263,0,0,0,0,0,0,0,0,0,0,1.27043246405944
0.947368421052632,0,0,0,0,0,0,0,0,0,0,0.704786391842412
1,0,0,0,0,0,0,0,0,0,0,0.418961483217623
0.7,0,0,0,0,0,0,0,0,0,0,2.64865621912236
0.705263157894737,0,0,0,0,0,0,0,0,0,0,2.67387409942481
0.710526315789474,0,0,0,0,0,0,0,0,0,0,2.68523769977857
0.715789473684211,0,0,0,0,0,0,0,0,0,0,2.69769380503139
0.721052631578947,0,0,0,0,0,0,0,0,0,0,2.70403558728583
0.726315789473684,0,0,0,0,0,0,0,0,0,0,2.71445322601621
0.731578947368421,0,0,0,0,0,0,0,0,0,0,2.71403008935705
0.736842105263158,0,0,0,0,0,0,0,0,0,0,2.71860997027224
0.742105263157895,0,0,0,0,0,0,0,0,0,0,2.71666269972128
0.747368421052632,0,0,0,0,0,0,0,0,0,0,2.71020200972938
0.752631578947368,0,0,0,0,0,0,0,0,0,0,2.70093414824675
0.757894736842105,0,0,0,0,0,0,0,0,0,0,2.68563654655172
0.763157894736842,0,0,0,0,0,0,0,0,0,0,2.67266651804073
0.768421052631579,0,0,0,0,0,0,0,0,0,0,2.65078718844455
0.773684210526316,0,0,0,0,0,0,0,0,0,0,2.62465928202344
0.778947368421053,0,0,0,0,0,0,0,0,0,0,2.6044881618779
0.784210526315789,0,0,0,0,0,0,0,0,0,0,2.56877390383216
0.789473684210526,0,0,0,0,0,0,0,0,0,0,2.53267310831437
0.794736842105263,0,0,0,0,0,0,0,0,0,0,2.49773552562125
0.8,0,0,0,0,0,0,0,0,0,0,2.44856095154355