0,0,0,0,0,0,0,0,0,0,0,1.01509845630526
0,0.0526315789473684,0,0,0,0,0,0,0,0,0,1.01616298523796
0,0.105263157894737,0,0,0,0,0,0,0,0,0,1.01457671634334
0,0.157894736842105,0,0,0,0,0,0,0,0,0,1.01233595998974
0,0.210526315789474,0,0,0,0,0,0,0,0,0,1.01470688178042
0,0.263157894736842,0,0,0,0,0,0,0,0,0,1.0090698703796
0,0.315789473684211,0,0,0,0,0,0,0,0,0,1.01197466020275
0,0.368421052631579,0,0,0,0,0,0,0,0,0,1.01661510623542
0,0.421052631578947,0,0,0,0,0,0,0,0,0,1.01521821908162
0,0.473684210526316,0,0,0,0,0,0,0,0,0,1.01703384892701
0,0.526315789473684,0,0,0,0,0,0,0,0,0,1.01560023734324
0,0.578947368421053,0,0,0,0,0,0,0,0,0,1.01901533049532
0,0.631578947368421,0,0,0,0,0,0,0,0,0,1.01316858001572
0,0.684210526315789,0,0,0,0,0,0,0,0,0,1.01615423291171
0,0.736842105263158,0,0,0,0,0,0,0,0,0,1.01024792987581
0,0.789473684210526,0,0,0,0,0,0,0,0,0,1.01683945282682
0,0.842105263157895,0,0,0,0,0,0,0,0,0,1.01681402855198
0,0.894736842105263,0,0,0,0,0,0,0,0,0,1.01627692117358
0,0.947368421052632,0,0,0,0,0,0,0,0,0,1.02097609230603
0,1,0,0,0,0,0,0,0,0,0,1.01523826169123
0,0.9,0,0,0,0,0,0,0,0,0,1.01463073371921
0,0.905263157894737,0,0,0,0,0,0,0,0,0,1.01626442202323
0,0.910526315789474,0,0,0,0,0,0,0,0,0,1.01628223039602
0,0.915789473684211,0,0,0,0,0,0,0,0,0,1.01148700994368
0,0.921052631578947,0,0,0,0,0,0,0,0,0,1.01642530401141
0,0.926315789473684,0,0,0,0,0,0,0,0,0,1.01320908233635
0,0.931578947368421,0,0,0,0,0,0,0,0,0,1.0160127846784
0,0.936842105263158,0,0,0,0,0,0,0,0,0,1.01144860761271
0,0.942105263157895,0,0,0,0,0,0,0,0,0,1.00958237380031
0,0.947368421052632,0,0,0,0,0,0,0,0,0,1.0175622595775
0,0.952631578947368,0,0,0,0,0,0,0,0,0,1.01660724206433
0,0.957894736842105,0,0,0,0,0,0,0,0,0,1.01873212026558
0,0.963157894736842,0,0,0,0,0,0,0,0,0,1.01373998353514
0,0.968421052631579,0,0,0,0,0,0,0,0,0,1.01527214324276
0,0.973684210526316,0,0,0,0,0,0,0,0,0,1.01627718790853
0,0.978947368421053,0,0,0,0,0,0,0,0,0,1.01584444249589
0,0.984210526315789,0,0,0,0,0,0,0,0,0,1.01554806960858
0,0.989473684210526,0,0,0,0,0,0,0,0,0,1.01047013150437
0,0.994736842105263,0,0,0,0,0,0,0,0,0,1.01769793659595
0,0.5,0,0,0,0,0,0,0,0,0,1.00928238467486
0,0.505263157894737,0,0,0,0,0,0,0,0,0,1.01906551301101
0,0.510526315789474,0,0,0,0,0,0,0,0,0,1.01649569464336
0,0.515789473684211,0,0,0,0,0,0,0,0,0,1.01556249378004
0,0.521052631578947,0,0,0,0,0,0,0,0,0,1.01390844162989
0,0.526315789473684,0,0,0,0,0,0,0,0,0,1.0136302945315
0,0.531578947368421,0,0,0,0,0,0,0,0,0,1.01182056283054
0,0.536842105263158,0,0,0,0,0,0,0,0,0,1.01491894752226
0,0.542105263157895,0,0,0,0,0,0,0,0,0,1.01704937946432
0,0.547368421052632,0,0,0,0,0,0,0,0,0,1.01181075858948
0,0.552631578947368,0,0,0,0,0,0,0,0,0,1.01203120559426
0,0.557894736842105,0,0,0,0,0,0,0,0,0,1.01036302644292
0,0.563157894736842,0,0,0,0,0,0,0,0,0,1.01412891405595
0,0.568421052631579,0,0,0,0,0,0,0,0,0,1.01484659745061
0,0.573684210526316,0,0,0,0,0,0,0,0,0,1.01702122178969
0,0.578947368421053,0,0,0,0,0,0,0,0,0,1.01674085286399
0,0.58421052631579,0,0,0,0,0,0,0,0,0,1.01653700122849
0,0.589473684210526,0,0,0,0,0,0,0,0,0,1.01866441186553
0,0.594736842105263,0,0,0,0,0,0,0,0,0,1.01155966574154
0,0.6,0,0,0,0,0,0,0,0,0,1.01456419663377
