0,0,0,0,0,0,0,0,0,0,0,1.01557423840707
0,0,0.0101010101010101,0,0,0,0,0,0,0,0,1.01221746875542
0,0,0.0202020202020202,0,0,0,0,0,0,0,0,1.01330449230056
0,0,0.0303030303030303,0,0,0,0,0,0,0,0,1.01988412391587
0,0,0.0404040404040404,0,0,0,0,0,0,0,0,1.01498094144209
0,0,0.0505050505050505,0,0,0,0,0,0,0,0,1.01851345955808
0,0,0.0606060606060606,0,0,0,0,0,0,0,0,1.01317278098229
0,0,0.0707070707070707,0,0,0,0,0,0,0,0,1.01809518579901
0,0,0.0808080808080808,0,0,0,0,0,0,0,0,1.01268219091898
0,0,0.0909090909090909,0,0,0,0,0,0,0,0,1.00896686547513
0,0,0.101010101010101,0,0,0,0,0,0,0,0,1.01284388830114
0,0,0.111111111111111,0,0,0,0,0,0,0,0,1.01796093194307
0,0,0.121212121212121,0,0,0,0,0,0,0,0,1.01777657487269
0,0,0.131313131313131,0,0,0,0,0,0,0,0,1.01537529772228
0,0,0.141414141414141,0,0,0,0,0,0,0,0,1.01207224791251
0,0,0.151515151515152,0,0,0,0,0,0,0,0,1.00994279409568
0,0,0.161616161616162,0,0,0,0,0,0,0,0,1.01220066192316
0,0,0.171717171717172,0,0,0,0,0,0,0,0,1.01218072958132
0,0,0.181818181818182,0,0,0,0,0,0,0,0,1.01279193808896
0,0,0.191919191919192,0,0,0,0,0,0,0,0,1.01263021761302
0,0,0.202020202020202,0,0,0,0,0,0,0,0,1.01442659795488
0,0,0.212121212121212,0,0,0,0,0,0,0,0,1.01667982284177
0,0,0.222222222222222,0,0,0,0,0,0,0,0,1.01281099561378
0,0,0.232323232323232,0,0,0,0,0,0,0,0,1.01571770405528
0,0,0.242424242424242,0,0,0,0,0,0,0,0,1.01629435854903
0,0,0.252525252525253,0,0,0,0,0,0,0,0,1.01371619745187
0,0,0.262626262626263,0,0,0,0,0,0,0,0,1.01453298144943
0,0,0.272727272727273,0,0,0,0,0,0,0,0,1.01264283623037
0,0,0.282828282828283,0,0,0,0,0,0,0,0,1.01330508350891
0,0,0.292929292929293,0,0,0,0,0,0,0,0,1.01749189940024
0,0,0.303030303030303,0,0,0,0,0,0,0,0,1.01531925710419
0,0,0.313131313131313,0,0,0,0,0,0,0,0,1.01560200221093
0,0,0.323232323232323,0,0,0,0,0,0,0,0,1.01559971358201
0,0,0.333333333333333,0,0,0,0,0,0,0,0,1.01598550809538
0,0,0.343434343434343,0,0,0,0,0,0,0,0,1.0157464874186
0,0,0.353535353535354,0,0,0,0,0,0,0,0,1.01235405152373
0,0,0.363636363636364,0,0,0,0,0,0,0,0,1.01697993295471
0,0,0.373737373737374,0,0,0,0,0,0,0,0,1.01647511933386
0,0,0.383838383838384,0,0,0,0,0,0,0,0,1.01178197815853
0,0,0.393939393939394,0,0,0,0,0,0,0,0,1.01647736518268
0,0,0.404040404040404,0,0,0,0,0,0,0,0,1.01102284707458
0,0,0.414141414141414,0,0,0,0,0,0,0,0,1.01421659126138
0,0,0.424242424242424,0,0,0,0,0,0,0,0,1.01403384688646
0,0,0.434343434343434,0,0,0,0,0,0,0,0,1.01650162121829
0,0,0.444444444444444,0,0,0,0,0,0,0,0,1.01624668140093
0,0,0.454545454545455,0,0,0,0,0,0,0,0,1.01514946319017
0,0,0.464646464646465,0,0,0,0,0,0,0,0,1.0124930115664
0,0,0.474747474747475,0,0,0,0,0,0,0,0,1.01759724639738
0,0,0.484848484848485,0,0,0,0,0,0,0,0,1.02124982150315
0,0,0.494949494949495,0,0,0,0,0,0,0,0,1.0138522626522
0,0,0.505050505050505,0,0,0,0,0,0,0,0,1.01304255107851
0,0,0.515151515151515,0,0,0,0,0,0,0,0,1.01518563799374
0,0,0.525252525252525,0,0,0,0,0,0,0,0,1.01261162175002
0,0,0.535353535353535,0,0,0,0,0,0,0,0,1.01296476709982
0,0,0.545454545454545,0,0,0,0,0,0,0,0,1.01490888332344
0,0,0.555555555555556,0,0,0,0,0,0,0,0,1.01906885692615
0,0,0.565656565656566,0,0,0,0,0,0,0,0,1.0145660069527
0,0,0.575757575757576,0,0,0,0,0,0,0,0,1.01223341262356
0,0,0.585858585858586,0,0,0,0,0,0,0,0,1.01385995643202
0,0,0.595959595959596,0,0,0,0,0,0,0,0,1.01332038195943
0,0,0.606060606060606,0,0,0,0,0,0,0,0,1.00793142470177
0,0,0.616161616161616,0,0,0,0,0,0,0,0,1.0155884946816
0,0,0.626262626262626,0,0,0,0,0,0,0,0,1.01773923068017
0,0,0.636363636363636,0,0,0,0,0,0,0,0,1.01045229340292
0,0,0.646464646464647,0,0,0,0,0,0,0,0,1.01768007928446
0,0,0.656565656565657,0,0,0,0,0,0,0,0,1.01543298520358
0,0,0.666666666666667,0,0,0,0,0,0,0,0,1.01655505518433
0,0,0.676767676767677,0,0,0,0,0,0,0,0,1.01107042071268
0,0,0.686868686868687,0,0,0,0,0,0,0,0,1.01625160169497
0,0,0.696969696969697,0,0,0,0,0,0,0,0,1.01113655505247
0,0,0.707070707070707,0,0,0,0,0,0,0,0,1.01904520638197
0,0,0.717171717171717,0,0,0,0,0,0,0,0,1.0156509688228
0,0,0.727272727272727,0,0,0,0,0,0,0,0,1.00721005311069
0,0,0.737373737373737,0,0,0,0,0,0,0,0,1.01737118414328
0,0,0.747474747474748,0,0,0,0,0,0,0,0,1.01838804123632
0,0,0.757575757575758,0,0,0,0,0,0,0,0,1.02072178900778
0,0,0.767676767676768,0,0,0,0,0,0,0,0,1.01537105098305
0,0,0.777777777777778,0,0,0,0,0,0,0,0,1.01916196580643
0,0,0.787878787878788,0,0,0,0,0,0,0,0,1.01388284405297
0,0,0.797979797979798,0,0,0,0,0,0,0,0,1.01957316227343
0,0,0.808080808080808,0,0,0,0,0,0,0,0,1.01697382525749
0,0,0.818181818181818,0,0,0,0,0,0,0,0,1.01574148587958
0,0,0.828282828282828,0,0,0,0,0,0,0,0,1.01315997127308
0,0,0.838383838383838,0,0,0,0,0,0,0,0,1.01760113049396
0,0,0.848484848484849,0,0,0,0,0,0,0,0,1.0175428095833
0,0,0.858585858585859,0,0,0,0,0,0,0,0,1.01119684100931
0,0,0.868686868686869,0,0,0,0,0,0,0,0,1.01556124160418
0,0,0.878787878787879,0,0,0,0,0,0,0,0,1.01014739671393
0,0,0.888888888888889,0,0,0,0,0,0,0,0,1.0117037150082
0,0,0.898989898989899,0,0,0,0,0,0,0,0,1.01595563563685
0,0,0.909090909090909,0,0,0,0,0,0,0,0,1.01853484923925
0,0,0.919191919191919,0,0,0,0,0,0,0,0,1.0128928833374
0,0,0.929292929292929,0,0,0,0,0,0,0,0,1.01414178271677
0,0,0.939393939393939,0,0,0,0,0,0,0,0,1.0149494635432
0,0,0.94949494949495,0,0,0,0,0,0,0,0,1.01159161546914
0,0,0.95959595959596,0,0,0,0,0,0,0,0,1.01527890098881
0,0,0.96969696969697,0,0,0,0,0,0,0,0,1.01618724886679
0,0,0.97979797979798,0,0,0,0,0,0,0,0,1.01854597008069
0,0,0.98989898989899,0,0,0,0,0,0,0,0,1.01491983221391
0,0,1,0,0,0,0,0,0,0,0,1.02128916258106