0,0,0,0,0,0,0,0,0,0,0,1.01689282596592
0,0,0,0.0101010101010101,0,0,0,0,0,0,0,1.02657829946962
0,0,0,0.0202020202020202,0,0,0,0,0,0,0,1.03563571438071
0,0,0,0.0303030303030303,0,0,0,0,0,0,0,1.03974592105217
0,0,0,0.0404040404040404,0,0,0,0,0,0,0,1.05260387096399
0,0,0,0.0505050505050505,0,0,0,0,0,0,0,1.06024650267728
0,0,0,0.0606060606060606,0,0,0,0,0,0,0,1.0743228210937
0,0,0,0.0707070707070707,0,0,0,0,0,0,0,1.08232489107205
0,0,0,0.0808080808080808,0,0,0,0,0,0,0,1.09501453462417
0,0,0,0.0909090909090909,0,0,0,0,0,0,0,1.10357672690848
0,0,0,0.101010101010101,0,0,0,0,0,0,0,1.11541180562132
0,0,0,0.111111111111111,0,0,0,0,0,0,0,1.12893089703165
0,0,0,0.121212121212121,0,0,0,0,0,0,0,1.13806635825524
0,0,0,0.131313131313131,0,0,0,0,0,0,0,1.14449785861385
0,0,0,0.141414141414141,0,0,0,0,0,0,0,1.15625188329192
0,0,0,0.151515151515152,0,0,0,0,0,0,0,1.16841777301466
0,0,0,0.161616161616162,0,0,0,0,0,0,0,1.17803165348909
0,0,0,0.171717171717172,0,0,0,0,0,0,0,1.189847798824
0,0,0,0.181818181818182,0,0,0,0,0,0,0,1.19645622886419
0,0,0,0.191919191919192,0,0,0,0,0,0,0,1.20735835674877
0,0,0,0.202020202020202,0,0,0,0,0,0,0,1.22132467296408
0,0,0,0.212121212121212,0,0,0,0,0,0,0,1.22789721770997
0,0,0,0.222222222222222,0,0,0,0,0,0,0,1.23940967621026
0,0,0,0.232323232323232,0,0,0,0,0,0,0,1.24724106797194
0,0,0,0.242424242424242,0,0,0,0,0,0,0,1.25745574237553
0,0,0,0.252525252525253,0,0,0,0,0,0,0,1.26732208400339
0,0,0,0.262626262626263,0,0,0,0,0,0,0,1.27385766359694
0,0,0,0.272727272727273,0,0,0,0,0,0,0,1.28939161769247
0,0,0,0.282828282828283,0,0,0,0,0,0,0,1.29781707193862
0,0,0,0.292929292929293,0,0,0,0,0,0,0,1.30758896223137
0,0,0,0.303030303030303,0,0,0,0,0,0,0,1.31819923934066
0,0,0,0.313131313131313,0,0,0,0,0,0,0,1.33073098921306
0,0,0,0.323232323232323,0,0,0,0,0,0,0,1.33760788407655
0,0,0,0.333333333333333,0,0,0,0,0,0,0,1.34474199241937
0,0,0,0.343434343434343,0,0,0,0,0,0,0,1.35471881801247
0,0,0,0.353535353535354,0,0,0,0,0,0,0,1.36338986764112
0,0,0,0.363636363636364,0,0,0,0,0,0,0,1.37871998216568
0,0,0,0.373737373737374,0,0,0,0,0,0,0,1.3877822979897
0,0,0,0.383838383838384,0,0,0,0,0,0,0,1.40410166501853
0,0,0,0.393939393939394,0,0,0,0,0,0,0,1.40967355427849
0,0,0,0.404040404040404,0,0,0,0,0,0,0,1.42092088186855
0,0,0,0.414141414141414,0,0,0,0,0,0,0,1.42873809253631
0,0,0,0.424242424242424,0,0,0,0,0,0,0,1.43894746514177
0,0,0,0.434343434343434,0,0,0,0,0,0,0,1.44960005389627
0,0,0,0.444444444444444,0,0,0,0,0,0,0,1.46132463703153
0,0,0,0.454545454545455,0,0,0,0,0,0,0,1.46770501844277
0,0,0,0.464646464646465,0,0,0,0,0,0,0,1.48029146099487
0,0,0,0.474747474747475,0,0,0,0,0,0,0,1.48763458481451
0,0,0,0.484848484848485,0,0,0,0,0,0,0,1.50165135591439
0,0,0,0.494949494949495,0,0,0,0,0,0,0,1.5116898516225
0,0,0,0.505050505050505,0,0,0,0,0,0,0,1.52124572157162
0,0,0,0.515151515151515,0,0,0,0,0,0,0,1.53151591042239
0,0,0,0.525252525252525,0,0,0,0,0,0,0,1.53420774974039
0,0,0,0.535353535353535,0,0,0,0,0,0,0,1.55457502238541
0,0,0,0.545454545454545,0,0,0,0,0,0,0,1.56287012597482
0,0,0,0.555555555555556,0,0,0,0,0,0,0,1.56846946297816
0,0,0,0.565656565656566,0,0,0,0,0,0,0,1.58064294555782
0,0,0,0.575757575757576,0,0,0,0,0,0,0,1.58771602235992
0,0,0,0.585858585858586,0,0,0,0,0,0,0,1.59876696534686
0,0,0,0.595959595959596,0,0,0,0,0,0,0,1.61133141426443
0,0,0,0.606060606060606,0,0,0,0,0,0,0,1.62062573501432
0,0,0,0.616161616161616,0,0,0,0,0,0,0,1.62761233387471
0,0,0,0.626262626262626,0,0,0,0,0,0,0,1.63551460141061
0,0,0,0.636363636363636,0,0,0,0,0,0,0,1.65287019760799
0,0,0,0.646464646464647,0,0,0,0,0,0,0,1.65954344119163
0,0,0,0.656565656565657,0,0,0,0,0,0,0,1.67153093052674
0,0,0,0.666666666666667,0,0,0,0,0,0,0,1.68207919240085
0,0,0,0.676767676767677,0,0,0,0,0,0,0,1.69512828310629
0,0,0,0.686868686868687,0,0,0,0,0,0,0,1.69935844757697
0,0,0,0.696969696969697,0,0,0,0,0,0,0,1.71334665036186
0,0,0,0.707070707070707,0,0,0,0,0,0,0,1.72597220156002
0,0,0,0.717171717171717,0,0,0,0,0,0,0,1.73302577997594
0,0,0,0.727272727272727,0,0,0,0,0,0,0,1.74165867656394
0,0,0,0.737373737373737,0,0,0,0,0,0,0,1.7510572982512
0,0,0,0.747474747474748,0,0,0,0,0,0,0,1.76335204073323
0,0,0,0.757575757575758,0,0,0,0,0,0,0,1.77250078187076
0,0,0,0.767676767676768,0,0,0,0,0,0,0,1.78426133837116
0,0,0,0.777777777777778,0,0,0,0,0,0,0,1.79184446133786
0,0,0,0.787878787878788,0,0,0,0,0,0,0,1.79849054214015
0,0,0,0.797979797979798,0,0,0,0,0,0,0,1.81585574049786
0,0,0,0.808080808080808,0,0,0,0,0,0,0,1.82205803067713
0,0,0,0.818181818181818,0,0,0,0,0,0,0,1.83229601116672
0,0,0,0.828282828282828,0,0,0,0,0,0,0,1.84071002308077
0,0,0,0.838383838383838,0,0,0,0,0,0,0,1.8525552919704
0,0,0,0.848484848484849,0,0,0,0,0,0,0,1.86592111735323
0,0,0,0.858585858585859,0,0,0,0,0,0,0,1.87449577149231
0,0,0,0.868686868686869,0,0,0,0,0,0,0,1.88605110198183
0,0,0,0.878787878787879,0,0,0,0,0,0,0,1.896607631416
0,0,0,0.888888888888889,0,0,0,0,0,0,0,1.90533717953978
0,0,0,0.898989898989899,0,0,0,0,0,0,0,1.91431404451272
0,0,0,0.909090909090909,0,0,0,0,0,0,0,1.92090403701345
0,0,0,0.919191919191919,0,0,0,0,0,0,0,1.9348859891214
0,0,0,0.929292929292929,0,0,0,0,0,0,0,1.94730074500649
0,0,0,0.939393939393939,0,0,0,0,0,0,0,1.95257207015186
0,0,0,0.94949494949495,0,0,0,0,0,0,0,1.96610356405825
0,0,0,0.95959595959596,0,0,0,0,0,0,0,1.9740665501233
0,0,0,0.96969696969697,0,0,0,0,0,0,0,1.98529849684894
0,0,0,0.97979797979798,0,0,0,0,0,0,0,1.99858593057742
0,0,0,0.98989898989899,0,0,0,0,0,0,0,2.00797236191149
0,0,0,1,0,0,0,0,0,0,0,2.01164441142591