0,0,0,0,0,0,0,0,0,0,0,1.01641201872902
0,0,0,0,0.0101010101010101,0,0,0,0,0,0,1.01427573526364
0,0,0,0,0.0202020202020202,0,0,0,0,0,0,1.01516637931666
0,0,0,0,0.0303030303030303,0,0,0,0,0,0,1.01388009825135
0,0,0,0,0.0404040404040404,0,0,0,0,0,0,1.01101947704357
0,0,0,0,0.0505050505050505,0,0,0,0,0,0,1.01256084194612
0,0,0,0,0.0606060606060606,0,0,0,0,0,0,1.01395752377489
0,0,0,0,0.0707070707070707,0,0,0,0,0,0,1.01377519875113
0,0,0,0,0.0808080808080808,0,0,0,0,0,0,1.01901981280812
0,0,0,0,0.0909090909090909,0,0,0,0,0,0,1.01363687102665
0,0,0,0,0.101010101010101,0,0,0,0,0,0,1.0152127867677
0,0,0,0,0.111111111111111,0,0,0,0,0,0,1.01291628983901
0,0,0,0,0.121212121212121,0,0,0,0,0,0,1.00892482222185
0,0,0,0,0.131313131313131,0,0,0,0,0,0,1.00949127968352
0,0,0,0,0.141414141414141,0,0,0,0,0,0,1.01712248331681
0,0,0,0,0.151515151515152,0,0,0,0,0,0,1.01697725345277
0,0,0,0,0.161616161616162,0,0,0,0,0,0,1.01671160842992
0,0,0,0,0.171717171717172,0,0,0,0,0,0,1.01085478997067
0,0,0,0,0.181818181818182,0,0,0,0,0,0,1.01503509504702
0,0,0,0,0.191919191919192,0,0,0,0,0,0,1.01326706936184
0,0,0,0,0.202020202020202,0,0,0,0,0,0,1.01514296445283
0,0,0,0,0.212121212121212,0,0,0,0,0,0,1.01501182199193
0,0,0,0,0.222222222222222,0,0,0,0,0,0,1.01470271525666
0,0,0,0,0.232323232323232,0,0,0,0,0,0,1.01235048974844
0,0,0,0,0.242424242424242,0,0,0,0,0,0,1.01623709886924
0,0,0,0,0.252525252525253,0,0,0,0,0,0,1.01214736927592
0,0,0,0,0.262626262626263,0,0,0,0,0,0,1.01701880985641
0,0,0,0,0.272727272727273,0,0,0,0,0,0,1.0139401093703
0,0,0,0,0.282828282828283,0,0,0,0,0,0,1.0151823781354
0,0,0,0,0.292929292929293,0,0,0,0,0,0,1.01124353629671
0,0,0,0,0.303030303030303,0,0,0,0,0,0,1.01727214583788
0,0,0,0,0.313131313131313,0,0,0,0,0,0,1.01419762891434
0,0,0,0,0.323232323232323,0,0,0,0,0,0,1.01481719026552
0,0,0,0,0.333333333333333,0,0,0,0,0,0,1.00996628288073
0,0,0,0,0.343434343434343,0,0,0,0,0,0,1.01363598478725
0,0,0,0,0.353535353535354,0,0,0,0,0,0,1.01725900883047
0,0,0,0,0.363636363636364,0,0,0,0,0,0,1.01543814705705
0,0,0,0,0.373737373737374,0,0,0,0,0,0,1.01435443052734
0,0,0,0,0.383838383838384,0,0,0,0,0,0,1.01478834128931
0,0,0,0,0.393939393939394,0,0,0,0,0,0,1.01565290039926
0,0,0,0,0.404040404040404,0,0,0,0,0,0,1.01550579587167
0,0,0,0,0.414141414141414,0,0,0,0,0,0,1.01280575177245
0,0,0,0,0.424242424242424,0,0,0,0,0,0,1.01217809298516
0,0,0,0,0.434343434343434,0,0,0,0,0,0,1.01403435383032
0,0,0,0,0.444444444444444,0,0,0,0,0,0,1.0186115304769
0,0,0,0,0.454545454545455,0,0,0,0,0,0,1.01246444215784
0,0,0,0,0.464646464646465,0,0,0,0,0,0,1.01297968315324
0,0,0,0,0.474747474747475,0,0,0,0,0,0,1.01157153248232
0,0,0,0,0.484848484848485,0,0,0,0,0,0,1.01482794350654
0,0,0,0,0.494949494949495,0,0,0,0,0,0,1.01389713023584
0,0,0,0,0.505050505050505,0,0,0,0,0,0,1.01644817077357
0,0,0,0,0.515151515151515,0,0,0,0,0,0,1.01539329405132
0,0,0,0,0.525252525252525,0,0,0,0,0,0,1.01623491810891
0,0,0,0,0.535353535353535,0,0,0,0,0,0,1.01253437424488
0,0,0,0,0.545454545454545,0,0,0,0,0,0,1.01685403489442
0,0,0,0,0.555555555555556,0,0,0,0,0,0,1.01948878047251
0,0,0,0,0.565656565656566,0,0,0,0,0,0,1.01190077508932
0,0,0,0,0.575757575757576,0,0,0,0,0,0,1.01653847203883
0,0,0,0,0.585858585858586,0,0,0,0,0,0,1.01748669508623
0,0,0,0,0.595959595959596,0,0,0,0,0,0,1.01328470558094
0,0,0,0,0.606060606060606,0,0,0,0,0,0,1.01830639210658
0,0,0,0,0.616161616161616,0,0,0,0,0,0,1.01836446924434
0,0,0,0,0.626262626262626,0,0,0,0,0,0,1.0109964290095
0,0,0,0,0.636363636363636,0,0,0,0,0,0,1.01353555741689
0,0,0,0,0.646464646464647,0,0,0,0,0,0,1.01321619885684
0,0,0,0,0.656565656565657,0,0,0,0,0,0,1.01213232814233
0,0,0,0,0.666666666666667,0,0,0,0,0,0,1.01282504690588
0,0,0,0,0.676767676767677,0,0,0,0,0,0,1.01443576104634
0,0,0,0,0.686868686868687,0,0,0,0,0,0,1.02023842220913
0,0,0,0,0.696969696969697,0,0,0,0,0,0,1.01319046134965
0,0,0,0,0.707070707070707,0,0,0,0,0,0,1.01122913689664
0,0,0,0,0.717171717171717,0,0,0,0,0,0,1.01429049967484
0,0,0,0,0.727272727272727,0,0,0,0,0,0,1.02196847543942
0,0,0,0,0.737373737373737,0,0,0,0,0,0,1.0128287637687
0,0,0,0,0.747474747474748,0,0,0,0,0,0,1.01839910155549
0,0,0,0,0.757575757575758,0,0,0,0,0,0,1.01514618925029
0,0,0,0,0.767676767676768,0,0,0,0,0,0,1.01660630108201
0,0,0,0,0.777777777777778,0,0,0,0,0,0,1.01065826397598
0,0,0,0,0.787878787878788,0,0,0,0,0,0,1.01928590188098
0,0,0,0,0.797979797979798,0,0,0,0,0,0,1.01360519635879
0,0,0,0,0.808080808080808,0,0,0,0,0,0,1.01749099015658
0,0,0,0,0.818181818181818,0,0,0,0,0,0,1.01444406329552
0,0,0,0,0.828282828282828,0,0,0,0,0,0,1.01515546612936
0,0,0,0,0.838383838383838,0,0,0,0,0,0,1.01617973189273
0,0,0,0,0.848484848484849,0,0,0,0,0,0,1.01292747490733
0,0,0,0,0.858585858585859,0,0,0,0,0,0,1.0163559274944
0,0,0,0,0.868686868686869,0,0,0,0,0,0,1.01403458146719
0,0,0,0,0.878787878787879,0,0,0,0,0,0,1.01507648609194
0,0,0,0,0.888888888888889,0,0,0,0,0,0,1.01401581351302
0,0,0,0,0.898989898989899,0,0,0,0,0,0,1.01659698390123
0,0,0,0,0.909090909090909,0,0,0,0,0,0,1.01549646508657
0,0,0,0,0.919191919191919,0,0,0,0,0,0,1.01262840213912
0,0,0,0,0.929292929292929,0,0,0,0,0,0,1.01249179669328
0,0,0,0,0.939393939393939,0,0,0,0,0,0,1.01625679190585
0,0,0,0,0.94949494949495,0,0,0,0,0,0,1.01379361041993
0,0,0,0,0.95959595959596,0,0,0,0,0,0,1.01654158788093
0,0,0,0,0.96969696969697,0,0,0,0,0,0,1.01371690466
0,0,0,0,0.97979797979798,0,0,0,0,0,0,1.01292654763536
0,0,0,0,0.98989898989899,0,0,0,0,0,0,1.01537562766177
0,0,0,0,1,0,0,0,0,0,0,1.01932220250009