0,0,0,0,0,0,0,0,0,0,0,1.01610216767695
0,0,0,0,0,0.0101010101010101,0,0,0,0,0,1.01484421577686
0,0,0,0,0,0.0202020202020202,0,0,0,0,0,1.01459268602374
0,0,0,0,0,0.0303030303030303,0,0,0,0,0,1.01733732921867
0,0,0,0,0,0.0404040404040404,0,0,0,0,0,1.01813020717205
0,0,0,0,0,0.0505050505050505,0,0,0,0,0,1.01684271140572
0,0,0,0,0,0.0606060606060606,0,0,0,0,0,1.01662530191144
0,0,0,0,0,0.0707070707070707,0,0,0,0,0,1.01247644039221
0,0,0,0,0,0.0808080808080808,0,0,0,0,0,1.01416529260722
0,0,0,0,0,0.0909090909090909,0,0,0,0,0,1.01246253610657
0,0,0,0,0,0.101010101010101,0,0,0,0,0,1.01374611975168
0,0,0,0,0,0.111111111111111,0,0,0,0,0,1.01552214109204
0,0,0,0,0,0.121212121212121,0,0,0,0,0,1.01498568385872
0,0,0,0,0,0.131313131313131,0,0,0,0,0,1.0159766353241
0,0,0,0,0,0.141414141414141,0,0,0,0,0,1.01491466414024
0,0,0,0,0,0.151515151515152,0,0,0,0,0,1.0162067288748
0,0,0,0,0,0.161616161616162,0,0,0,0,0,1.01503134864415
0,0,0,0,0,0.171717171717172,0,0,0,0,0,1.01153532062691
0,0,0,0,0,0.181818181818182,0,0,0,0,0,1.01634288748313
0,0,0,0,0,0.191919191919192,0,0,0,0,0,1.01373462421934
0,0,0,0,0,0.202020202020202,0,0,0,0,0,1.01478711602616
0,0,0,0,0,0.212121212121212,0,0,0,0,0,1.01959585576468
0,0,0,0,0,0.222222222222222,0,0,0,0,0,1.01108612276177
0,0,0,0,0,0.232323232323232,0,0,0,0,0,1.01494401135878
0,0,0,0,0,0.242424242424242,0,0,0,0,0,1.01692535929864
0,0,0,0,0,0.252525252525253,0,0,0,0,0,1.01380455798651
0,0,0,0,0,0.262626262626263,0,0,0,0,0,1.01703992929768
0,0,0,0,0,0.272727272727273,0,0,0,0,0,1.01478926653435
0,0,0,0,0,0.282828282828283,0,0,0,0,0,1.00909485035755
0,0,0,0,0,0.292929292929293,0,0,0,0,0,1.01186602647169
0,0,0,0,0,0.303030303030303,0,0,0,0,0,1.01292093110761
0,0,0,0,0,0.313131313131313,0,0,0,0,0,1.01659030390701
0,0,0,0,0,0.323232323232323,0,0,0,0,0,1.01770075802396
0,0,0,0,0,0.333333333333333,0,0,0,0,0,1.01088230373618
0,0,0,0,0,0.343434343434343,0,0,0,0,0,1.01512963576806
0,0,0,0,0,0.353535353535354,0,0,0,0,0,1.01417162149315
0,0,0,0,0,0.363636363636364,0,0,0,0,0,1.0186997069295
0,0,0,0,0,0.373737373737374,0,0,0,0,0,1.01286178470797
0,0,0,0,0,0.383838383838384,0,0,0,0,0,1.01176731580223
0,0,0,0,0,0.393939393939394,0,0,0,0,0,1.01994892246804
0,0,0,0,0,0.404040404040404,0,0,0,0,0,1.00951933678459
0,0,0,0,0,0.414141414141414,0,0,0,0,0,1.0172697311783
0,0,0,0,0,0.424242424242424,0,0,0,0,0,1.01302288923381
0,0,0,0,0,0.434343434343434,0,0,0,0,0,1.01500912244752
0,0,0,0,0,0.444444444444444,0,0,0,0,0,1.01135122773187
0,0,0,0,0,0.454545454545455,0,0,0,0,0,1.01412591211472
0,0,0,0,0,0.464646464646465,0,0,0,0,0,1.01376916407355
0,0,0,0,0,0.474747474747475,0,0,0,0,0,1.0169314554698
0,0,0,0,0,0.484848484848485,0,0,0,0,0,1.01318918884144
0,0,0,0,0,0.494949494949495,0,0,0,0,0,1.01578022804923
0,0,0,0,0,0.505050505050505,0,0,0,0,0,1.01799003281886
0,0,0,0,0,0.515151515151515,0,0,0,0,0,1.01770872880791
0,0,0,0,0,0.525252525252525,0,0,0,0,0,1.01286818019779
0,0,0,0,0,0.535353535353535,0,0,0,0,0,1.01390545889214
0,0,0,0,0,0.545454545454545,0,0,0,0,0,1.01735222106565
0,0,0,0,0,0.555555555555556,0,0,0,0,0,1.01098233225676
0,0,0,0,0,0.565656565656566,0,0,0,0,0,1.01157942325684
0,0,0,0,0,0.575757575757576,0,0,0,0,0,1.01263793562379
0,0,0,0,0,0.585858585858586,0,0,0,0,0,1.01559253283078
0,0,0,0,0,0.595959595959596,0,0,0,0,0,1.01011179500191
0,0,0,0,0,0.606060606060606,0,0,0,0,0,1.01169747756214
0,0,0,0,0,0.616161616161616,0,0,0,0,0,1.01302566890247
0,0,0,0,0,0.626262626262626,0,0,0,0,0,1.0162839301765
0,0,0,0,0,0.636363636363636,0,0,0,0,0,1.01146297499481
0,0,0,0,0,0.646464646464647,0,0,0,0,0,1.015341476121
0,0,0,0,0,0.656565656565657,0,0,0,0,0,1.01795066249011
0,0,0,0,0,0.666666666666667,0,0,0,0,0,1.01836266114204
0,0,0,0,0,0.676767676767677,0,0,0,0,0,1.01714706648924
0,0,0,0,0,0.686868686868687,0,0,0,0,0,1.01421336840796
0,0,0,0,0,0.696969696969697,0,0,0,0,0,1.01540234971589
0,0,0,0,0,0.707070707070707,0,0,0,0,0,1.01735945891479
0,0,0,0,0,0.717171717171717,0,0,0,0,0,1.01971881813881
0,0,0,0,0,0.727272727272727,0,0,0,0,0,1.01685413248283
0,0,0,0,0,0.737373737373737,0,0,0,0,0,1.01361149811078
0,0,0,0,0,0.747474747474748,0,0,0,0,0,1.0177694932491
0,0,0,0,0,0.757575757575758,0,0,0,0,0,1.01596570690056
0,0,0,0,0,0.767676767676768,0,0,0,0,0,1.01370250471079
0,0,0,0,0,0.777777777777778,0,0,0,0,0,1.01277042026476
0,0,0,0,0,0.787878787878788,0,0,0,0,0,1.01989207395736
0,0,0,0,0,0.797979797979798,0,0,0,0,0,1.01336686024782
0,0,0,0,0,0.808080808080808,0,0,0,0,0,1.01702035799683
0,0,0,0,0,0.818181818181818,0,0,0,0,0,1.01487484074479
0,0,0,0,0,0.828282828282828,0,0,0,0,0,1.01491957371228
0,0,0,0,0,0.838383838383838,0,0,0,0,0,1.01622565342424
0,0,0,0,0,0.848484848484849,0,0,0,0,0,1.01423647864739
0,0,0,0,0,0.858585858585859,0,0,0,0,0,1.01594905766609
0,0,0,0,0,0.868686868686869,0,0,0,0,0,1.01677959720581
0,0,0,0,0,0.878787878787879,0,0,0,0,0,1.01038189903009
0,0,0,0,0,0.888888888888889,0,0,0,0,0,1.0188665881456
0,0,0,0,0,0.898989898989899,0,0,0,0,0,1.01110726745037
0,0,0,0,0,0.909090909090909,0,0,0,0,0,1.01461769967457
0,0,0,0,0,0.919191919191919,0,0,0,0,0,1.0163380645836
0,0,0,0,0,0.929292929292929,0,0,0,0,0,1.01590296206043
0,0,0,0,0,0.939393939393939,0,0,0,0,0,1.01663547195854
0,0,0,0,0,0.94949494949495,0,0,0,0,0,1.01387233500316
0,0,0,0,0,0.95959595959596,0,0,0,0,0,1.01691017786259
0,0,0,0,0,0.96969696969697,0,0,0,0,0,1.01449352528347
0,0,0,0,0,0.97979797979798,0,0,0,0,0,1.02105543817553
0,0,0,0,0,0.98989898989899,0,0,0,0,0,1.01844019258625
0,0,0,0,0,1,0,0,0,0,0,1.01451117385045