0,0,0,0,0,0,0,0,0,0,0,1.01353795205178
0,0,0,0,0,0,0,0.0101010101010101,0,0,0,1.01681436081899
0,0,0,0,0,0,0,0.0202020202020202,0,0,0,1.01618135487908
0,0,0,0,0,0,0,0.0303030303030303,0,0,0,1.01470470060703
0,0,0,0,0,0,0,0.0404040404040404,0,0,0,1.01408134258045
0,0,0,0,0,0,0,0.0505050505050505,0,0,0,1.01232370688435
0,0,0,0,0,0,0,0.0606060606060606,0,0,0,1.01422159282441
0,0,0,0,0,0,0,0.0707070707070707,0,0,0,1.01488547237485
0,0,0,0,0,0,0,0.0808080808080808,0,0,0,1.01207631431195
0,0,0,0,0,0,0,0.0909090909090909,0,0,0,1.01326989913018
0,0,0,0,0,0,0,0.101010101010101,0,0,0,1.01466132191207
0,0,0,0,0,0,0,0.111111111111111,0,0,0,1.01559148640579
0,0,0,0,0,0,0,0.121212121212121,0,0,0,1.01183539186101
0,0,0,0,0,0,0,0.131313131313131,0,0,0,1.00996788237183
0,0,0,0,0,0,0,0.141414141414141,0,0,0,1.00890607455271
0,0,0,0,0,0,0,0.151515151515152,0,0,0,1.01778621026998
0,0,0,0,0,0,0,0.161616161616162,0,0,0,1.01987467003435
0,0,0,0,0,0,0,0.171717171717172,0,0,0,1.01139753165542
0,0,0,0,0,0,0,0.181818181818182,0,0,0,1.01772905051974
0,0,0,0,0,0,0,0.191919191919192,0,0,0,1.01446728114339
0,0,0,0,0,0,0,0.202020202020202,0,0,0,1.01194990332244
0,0,0,0,0,0,0,0.212121212121212,0,0,0,1.01449703517443
0,0,0,0,0,0,0,0.222222222222222,0,0,0,1.01675293626683
0,0,0,0,0,0,0,0.232323232323232,0,0,0,1.01394091134276
0,0,0,0,0,0,0,0.242424242424242,0,0,0,1.01458173775735
0,0,0,0,0,0,0,0.252525252525253,0,0,0,1.01322337234924
0,0,0,0,0,0,0,0.262626262626263,0,0,0,1.01339622884432
0,0,0,0,0,0,0,0.272727272727273,0,0,0,1.0175366472319
0,0,0,0,0,0,0,0.282828282828283,0,0,0,1.01266835033726
0,0,0,0,0,0,0,0.292929292929293,0,0,0,1.01436102589443
0,0,0,0,0,0,0,0.303030303030303,0,0,0,1.01284045520642
0,0,0,0,0,0,0,0.313131313131313,0,0,0,1.01211678362595
0,0,0,0,0,0,0,0.323232323232323,0,0,0,1.01125774207001
0,0,0,0,0,0,0,0.333333333333333,0,0,0,1.02092797461259
0,0,0,0,0,0,0,0.343434343434343,0,0,0,1.02293533615624
0,0,0,0,0,0,0,0.353535353535354,0,0,0,1.01352126754937
0,0,0,0,0,0,0,0.363636363636364,0,0,0,1.01767534022849
0,0,0,0,0,0,0,0.373737373737374,0,0,0,1.01158191447159
0,0,0,0,0,0,0,0.383838383838384,0,0,0,1.01473042460762
0,0,0,0,0,0,0,0.393939393939394,0,0,0,1.01235301511636
0,0,0,0,0,0,0,0.404040404040404,0,0,0,1.01659652869718
0,0,0,0,0,0,0,0.414141414141414,0,0,0,1.00940107967323
0,0,0,0,0,0,0,0.424242424242424,0,0,0,1.014931311243
0,0,0,0,0,0,0,0.434343434343434,0,0,0,1.01207111564867
0,0,0,0,0,0,0,0.444444444444444,0,0,0,1.01849154934962
0,0,0,0,0,0,0,0.454545454545455,0,0,0,1.01341116817899
0,0,0,0,0,0,0,0.464646464646465,0,0,0,1.01674178044902
0,0,0,0,0,0,0,0.474747474747475,0,0,0,1.0159978678959
0,0,0,0,0,0,0,0.484848484848485,0,0,0,1.01989118863682
0,0,0,0,0,0,0,0.494949494949495,0,0,0,1.014010778113
0,0,0,0,0,0,0,0.505050505050505,0,0,0,1.0174721344207
0,0,0,0,0,0,0,0.515151515151515,0,0,0,1.01502896598785
0,0,0,0,0,0,0,0.525252525252525,0,0,0,1.01130759899028
0,0,0,0,0,0,0,0.535353535353535,0,0,0,1.01619299089121
0,0,0,0,0,0,0,0.545454545454545,0,0,0,1.01248993407534
0,0,0,0,0,0,0,0.555555555555556,0,0,0,1.01317196630348
0,0,0,0,0,0,0,0.565656565656566,0,0,0,1.01710029027136
0,0,0,0,0,0,0,0.575757575757576,0,0,0,1.01682339705619
0,0,0,0,0,0,0,0.585858585858586,0,0,0,1.01626369600156
0,0,0,0,0,0,0,0.595959595959596,0,0,0,1.01507959759729
0,0,0,0,0,0,0,0.606060606060606,0,0,0,1.01755958468165
0,0,0,0,0,0,0,0.616161616161616,0,0,0,1.01803481219664
0,0,0,0,0,0,0,0.626262626262626,0,0,0,1.0197152583249
0,0,0,0,0,0,0,0.636363636363636,0,0,0,1.01932522523959
0,0,0,0,0,0,0,0.646464646464647,0,0,0,1.01750529695948
0,0,0,0,0,0,0,0.656565656565657,0,0,0,1.01199190769861
0,0,0,0,0,0,0,0.666666666666667,0,0,0,1.01650000794257
0,0,0,0,0,0,0,0.676767676767677,0,0,0,1.01770720878552
0,0,0,0,0,0,0,0.686868686868687,0,0,0,1.01760682645733
0,0,0,0,0,0,0,0.696969696969697,0,0,0,1.0189639878475
0,0,0,0,0,0,0,0.707070707070707,0,0,0,1.01317182191564
0,0,0,0,0,0,0,0.717171717171717,0,0,0,1.01339335283421
0,0,0,0,0,0,0,0.727272727272727,0,0,0,1.0157169676868
0,0,0,0,0,0,0,0.737373737373737,0,0,0,1.01100862198599
0,0,0,0,0,0,0,0.747474747474748,0,0,0,1.01470015149134
0,0,0,0,0,0,0,0.757575757575758,0,0,0,1.01793332741834
0,0,0,0,0,0,0,0.767676767676768,0,0,0,1.01419143144199
0,0,0,0,0,0,0,0.777777777777778,0,0,0,1.01913096436984
0,0,0,0,0,0,0,0.787878787878788,0,0,0,1.01133645607733
0,0,0,0,0,0,0,0.797979797979798,0,0,0,1.01595568028331
0,0,0,0,0,0,0,0.808080808080808,0,0,0,1.01378025997365
0,0,0,0,0,0,0,0.818181818181818,0,0,0,1.01595276109346
0,0,0,0,0,0,0,0.828282828282828,0,0,0,1.01494553742639
0,0,0,0,0,0,0,0.838383838383838,0,0,0,1.01581648061789
0,0,0,0,0,0,0,0.848484848484849,0,0,0,1.0167697276822
0,0,0,0,0,0,0,0.858585858585859,0,0,0,1.0160900630231
0,0,0,0,0,0,0,0.868686868686869,0,0,0,1.01702021685171
0,0,0,0,0,0,0,0.878787878787879,0,0,0,1.01813932013884
0,0,0,0,0,0,0,0.888888888888889,0,0,0,1.01313589348589
0,0,0,0,0,0,0,0.898989898989899,0,0,0,1.01482065308068
0,0,0,0,0,0,0,0.909090909090909,0,0,0,1.01535785555035
0,0,0,0,0,0,0,0.919191919191919,0,0,0,1.01847012254385
0,0,0,0,0,0,0,0.929292929292929,0,0,0,1.0178457683205
0,0,0,0,0,0,0,0.939393939393939,0,0,0,1.01247683556684
0,0,0,0,0,0,0,0.94949494949495,0,0,0,1.01808491257407
0,0,0,0,0,0,0,0.95959595959596,0,0,0,1.01366461835907
0,0,0,0,0,0,0,0.96969696969697,0,0,0,1.02087317223551
0,0,0,0,0,0,0,0.97979797979798,0,0,0,1.01314232488117
0,0,0,0,0,0,0,0.98989898989899,0,0,0,1.01568873555605
0,0,0,0,0,0,0,1,0,0,0,1.01516621985631