0,0,0,0,0,0,0,0,0,0,0,1.01956243780798
0,0,0,0,0,0,0,0,0.0101010101010101,0,0,0.990693397063588
0,0,0,0,0,0,0,0,0.0202020202020202,0,0,0.972781685096978
0,0,0,0,0,0,0,0,0.0303030303030303,0,0,0.956175455431284
0,0,0,0,0,0,0,0,0.0404040404040404,0,0,0.928473484478589
0,0,0,0,0,0,0,0,0.0505050505050505,0,0,0.91269815803292
0,0,0,0,0,0,0,0,0.0606060606060606,0,0,0.897163685015254
0,0,0,0,0,0,0,0,0.0707070707070707,0,0,0.874627175765067
0,0,0,0,0,0,0,0,0.0808080808080808,0,0,0.853224493336342
0,0,0,0,0,0,0,0,0.0909090909090909,0,0,0.83313455465952
0,0,0,0,0,0,0,0,0.101010101010101,0,0,0.814444798573257
0,0,0,0,0,0,0,0,0.111111111111111,0,0,0.7990529817398
0,0,0,0,0,0,0,0,0.121212121212121,0,0,0.77129034623874
0,0,0,0,0,0,0,0,0.131313131313131,0,0,0.754642477516352
0,0,0,0,0,0,0,0,0.141414141414141,0,0,0.731787511845215
0,0,0,0,0,0,0,0,0.151515151515152,0,0,0.712394808477779
0,0,0,0,0,0,0,0,0.161616161616162,0,0,0.688662131414231
0,0,0,0,0,0,0,0,0.171717171717172,0,0,0.671955332233531
0,0,0,0,0,0,0,0,0.181818181818182,0,0,0.651017080628967
0,0,0,0,0,0,0,0,0.191919191919192,0,0,0.634953998781725
0,0,0,0,0,0,0,0,0.202020202020202,0,0,0.612313215772332
0,0,0,0,0,0,0,0,0.212121212121212,0,0,0.593944787375401
0,0,0,0,0,0,0,0,0.222222222222222,0,0,0.571155714762246
0,0,0,0,0,0,0,0,0.232323232323232,0,0,0.551407251793349
0,0,0,0,0,0,0,0,0.242424242424242,0,0,0.528825609026882
0,0,0,0,0,0,0,0,0.252525252525253,0,0,0.513433300876353
0,0,0,0,0,0,0,0,0.262626262626263,0,0,0.485150758141855
0,0,0,0,0,0,0,0,0.272727272727273,0,0,0.472186609673131
0,0,0,0,0,0,0,0,0.282828282828283,0,0,0.452027537776647
0,0,0,0,0,0,0,0,0.292929292929293,0,0,0.427624270712794
0,0,0,0,0,0,0,0,0.303030303030303,0,0,0.403254347135979
0,0,0,0,0,0,0,0,0.313131313131313,0,0,0.385873715992052
0,0,0,0,0,0,0,0,0.323232323232323,0,0,0.365845870546596
0,0,0,0,0,0,0,0,0.333333333333333,0,0,0.349222060139346
0,0,0,0,0,0,0,0,0.343434343434343,0,0,0.326723094419388
0,0,0,0,0,0,0,0,0.353535353535354,0,0,0.308974904346178
0,0,0,0,0,0,0,0,0.363636363636364,0,0,0.289096892505674
0,0,0,0,0,0,0,0,0.373737373737374,0,0,0.266990435459765
0,0,0,0,0,0,0,0,0.383838383838384,0,0,0.249415083223929
0,0,0,0,0,0,0,0,0.393939393939394,0,0,0.222671316257906
0,0,0,0,0,0,0,0,0.404040404040404,0,0,0.210077343606095
0,0,0,0,0,0,0,0,0.414141414141414,0,0,0.190545432516996
0,0,0,0,0,0,0,0,0.424242424242424,0,0,0.162589263084306
0,0,0,0,0,0,0,0,0.434343434343434,0,0,0.14524912144852
0,0,0,0,0,0,0,0,0.444444444444444,0,0,0.126834739700099
0,0,0,0,0,0,0,0,0.454545454545455,0,0,0.104498957213685
0,0,0,0,0,0,0,0,0.464646464646465,0,0,0.0865819318232372
0,0,0,0,0,0,0,0,0.474747474747475,0,0,0.0648283732970067
0,0,0,0,0,0,0,0,0.484848484848485,0,0,0.0451491304409663
0,0,0,0,0,0,0,0,0.494949494949495,0,0,0.0231909097301167
0,0,0,0,0,0,0,0,0.505050505050505,0,0,0.00282142552924546
0,0,0,0,0,0,0,0,0.515151515151515,0,0,-0.0152887304753162
0,0,0,0,0,0,0,0,0.525252525252525,0,0,-0.0369585318038414
0,0,0,0,0,0,0,0,0.535353535353535,0,0,-0.0556207775030299
0,0,0,0,0,0,0,0,0.545454545454545,0,0,-0.0767486612487588
0,0,0,0,0,0,0,0,0.555555555555556,0,0,-0.0950669934631374
0,0,0,0,0,0,0,0,0.565656565656566,0,0,-0.11294642020605
0,0,0,0,0,0,0,0,0.575757575757576,0,0,-0.135011844868151
0,0,0,0,0,0,0,0,0.585858585858586,0,0,-0.155889898867053
0,0,0,0,0,0,0,0,0.595959595959596,0,0,-0.179044359844958
0,0,0,0,0,0,0,0,0.606060606060606,0,0,-0.196740386560489
0,0,0,0,0,0,0,0,0.616161616161616,0,0,-0.217314402010437
0,0,0,0,0,0,0,0,0.626262626262626,0,0,-0.233719704393085
0,0,0,0,0,0,0,0,0.636363636363636,0,0,-0.258400094279343
0,0,0,0,0,0,0,0,0.646464646464647,0,0,-0.278866740198023
0,0,0,0,0,0,0,0,0.656565656565657,0,0,-0.297642917518115
0,0,0,0,0,0,0,0,0.666666666666667,0,0,-0.316031774632354
0,0,0,0,0,0,0,0,0.676767676767677,0,0,-0.336551667792597
0,0,0,0,0,0,0,0,0.686868686868687,0,0,-0.356207972778462
0,0,0,0,0,0,0,0,0.696969696969697,0,0,-0.3832174085484
0,0,0,0,0,0,0,0,0.707070707070707,0,0,-0.398351029883742
0,0,0,0,0,0,0,0,0.717171717171717,0,0,-0.417735343750007
0,0,0,0,0,0,0,0,0.727272727272727,0,0,-0.439212749704419
0,0,0,0,0,0,0,0,0.737373737373737,0,0,-0.46250764669885
0,0,0,0,0,0,0,0,0.747474747474748,0,0,-0.479798007379284
0,0,0,0,0,0,0,0,0.757575757575758,0,0,-0.499741258066133
0,0,0,0,0,0,0,0,0.767676767676768,0,0,-0.52130786616409
0,0,0,0,0,0,0,0,0.777777777777778,0,0,-0.542417356009339
0,0,0,0,0,0,0,0,0.787878787878788,0,0,-0.56352384183728
0,0,0,0,0,0,0,0,0.797979797979798,0,0,-0.576375757481221
0,0,0,0,0,0,0,0,0.808080808080808,0,0,-0.601229002654882
0,0,0,0,0,0,0,0,0.818181818181818,0,0,-0.622030459105697
0,0,0,0,0,0,0,0,0.828282828282828,0,0,-0.641491777044573
0,0,0,0,0,0,0,0,0.838383838383838,0,0,-0.660986427759983
0,0,0,0,0,0,0,0,0.848484848484849,0,0,-0.681284626305912
0,0,0,0,0,0,0,0,0.858585858585859,0,0,-0.70299051200766
0,0,0,0,0,0,0,0,0.868686868686869,0,0,-0.718005557991512
0,0,0,0,0,0,0,0,0.878787878787879,0,0,-0.744644681279349
0,0,0,0,0,0,0,0,0.888888888888889,0,0,-0.761595329375747
0,0,0,0,0,0,0,0,0.898989898989899,0,0,-0.780898438154798
0,0,0,0,0,0,0,0,0.909090909090909,0,0,-0.803534035402757
0,0,0,0,0,0,0,0,0.919191919191919,0,0,-0.823218321958614
0,0,0,0,0,0,0,0,0.929292929292929,0,0,-0.841033074184902
0,0,0,0,0,0,0,0,0.939393939393939,0,0,-0.867648051695799
0,0,0,0,0,0,0,0,0.94949494949495,0,0,-0.880753567195031
0,0,0,0,0,0,0,0,0.95959595959596,0,0,-0.904602352434646
0,0,0,0,0,0,0,0,0.96969696969697,0,0,-0.922583099357269
0,0,0,0,0,0,0,0,0.97979797979798,0,0,-0.947260372689919
0,0,0,0,0,0,0,0,0.98989898989899,0,0,-0.965076244495527
0,0,0,0,0,0,0,0,1,0,0,-0.982796263584733